
 0
 0.33689
 0.639124
 0.863973
 0.98421
 0.985278
 0.867046
 0.643832
 0.342661
 0
 -0.33689
 -0.639124
 -0.863973
 -0.98421
 -0.985278
 -0.867046
 -0.643832
 -0.342661
 0
 0.33689
 0.639124
 0.863973
 0.98421
 0.985278
 0.867046
 0.643832
 0.342661
 0
 -0.33689
 -0.639124
 -0.863973
 -0.98421
 -0.985278
 -0.867046
 -0.643832
 -0.342661
 0
 0.33689
 0.639124
 0.863973
 0.98421
 0.985278
 0.867046
 0.643832
 0.342661
 0
 -0.33689
 -0.639124
 -0.863973
 -0.98421
 -0.985278
 -0.867046
 -0.643832
 -0.342661
 0
 0.33689
 0.639124
 0.863973
 0.98421
 0.985278
 0.867046
 0.643832
 0.342661
 0
 -0.33689
 -0.639124
 -0.863973
 -0.98421
 -0.985278
 -0.867046
 -0.643832
 -0.342661
 0
 0.33689
 0.639124
 0.863973
 0.98421
 0.985278
 0.867046
 0.643832
 0.342661
 0.00613588
 -0.33689
 -0.639124
 -0.863973
 -0.98421
 -0.985278
 -0.867046
 -0.643832
 -0.342661
 -0.00613588
 0.33689
 0.639124
 0.863973
 0.98421
 0.985278
 0.867046
 0.643832
 0.342661
 0.00613588